25 54
25 43
20 17 112
132 55 5 114
97 29
87 5 47
12 64
17 33
87 55
44 18 1 57 92 17 144 109 113 4 130 116 137 43 125 108 93 20
19 66 48 37
97 1
76 17 46 33
114 25
41 97
70 8 59
146 27
18 109
2 115
69 138 13 53
41 65 97
104 15
6 111
1 125
63 8
40 75 147
52 77
54 86
26 140
1 57
96 27
39 112
45 20
76 45 27
114 86 47
41 145
112 20
24 108
18 113
140 23
44 108 125 116 4 57
141 59 8
127 44
55 47 25 104
20 4 116
11 115
45 33 20
2 75 72 40 147 95
148 93 38 14 9
19 103
99 37 85 135
93 23
142 39
5 47 55 87
132 43
52 33 76
58 2 140
63 52
52 17
63 51
95 2 72
113 18 109
44 18 109
46 8
20 1 125 116
117 129 2 85
44 4 116 32 125
58 41
1 132
55 61
95 48
116 20 108 44 4 125
125 20 44 116 4
85 111 2
140 77 23
2 40 72
63 12 61 8
2 55
116 140 23 61 63 20
78 37
56 23
46 33
138 53 45
2 95
147 2
108 44
115 43 77
11 23
6 70
85 136 93 23 117 1
23 63
62 41
142 33
42 137
90 54
20 112 44 45 17 1 33
9 51 28
4 125 108 44
90 25
45 27
44 18
107 51 41 1 133 29
108 20 125
114 47
39 6 70
56 8
117 74 93 85 1 125 43 2 23 8
28 148 41
63 23 43 115
17 20 116 136 125 45
55 47 132 61
33 46 52
32 42
145 70 39
4 116 125 108 20
28 60 7
14 105
96 53
55 147
23 8
52 36
44 20 116
133 41 62
44 125
112 45 20 33
112 33 45
33 110
44 43
36 110 27
125 1 116 44 108 57 20
41 98
57 125 116 20 44
46 52 45
20 51
41 29
113 22
82 22
29 51 41
64 26
1 65 97 41
57 43
41 1 107 51 65 97 62 112 122 133 29
50 37 48
114 47 54 132 5 104 25 55
129 55
37 128 48
43 56
4 20 44
108 23
8 143
44 20
137 2
43 24
54 83
2 56
53 27 68 146 138
97 41 51
33 76 17 36 45
95 40 2
27 138
29 41 107 65 1 97
53 27 110
20 136 116 23
75 95 147 40 2
37 48 85 135
111 2
1 71
1 147
79 63 28
78 25
46 45
55 47 132 114 136 5
44 125 108
53 13
120 41
7 104
23 63 140 125 116 20 61
142 41
12 115 118 63 8 77 23 140
68 20
52 115
117 37
112 33
33 36 17 46
8 15
53 33
141 8
1 63
28 136
55 114 87 5
99 37 135
2 40
48 37 19 85 135
8 23 61 63
44 108 125 20
33 69
86 114 104 55 47
117 41
112 20 33
55 2 93 115
1 136
122 41
27 17
23 104 93
69 17
45 33
96 138 45 27 69
55 47 132
6 88
80 39
40 30
47 87 114
2 1
52 76
3 38
17 52 46 76
23 79 117 63
6 65
36 138
42 106
52 1
43 15
62 107 41 133
1 98
45 36
114 25 55
135 37
63 72 115 2
27 33
41 137 136
12 57 17
63 117 23
54 55
2 41 85
63 12
20 116
76 45 46 27
55 132 54
21 93 55 130 148
63 116 23 140 43
1 8
103 26
33 52
17 33 46 76 45
28 14
108 43
136 23 63
23 116
113 44
2 72
32 14
24 33
63 93 23
85 99 37
147 12
20 108 125 116
8 129
42 119
112 17 33
44 4 108 116
51 28
63 115 2 23 93
2 63 41
11 40
7 13
112 1
143 25
63 140 23
107 1 97 65 41
55 114 47 132 5
51 29 41 133
130 4 18
2 11
75 41
11 78
87 114 47 5 55
65 29
55 25 104
64 8
44 32
110 17
12 47
20 136
37 50 135
103 135 48 37
51 145
107 51 62 29 133 41 65
29 122 1 41 62 133 65
46 52 17
23 117
29 133 97 65 41 62 1 51
20 108
13 126
52 27
24 43 108
55 132 25
37 73 88
4 116 20 44
69 53
25 55
17 68
20 116 63 23 61
145 41 120
61 23 24 12 8 64 140 63 77 52
76 36
63 12 43
141 6 123 30 97 8
2 85
62 51 29 41 97 65
23 64
19 128
33 45 27
5 87 55 114 132
29 41 62 133 1
36 17
36 46
53 64
28 79
63 41
116 125 23 20 63
6 145
28 65
20 1
26 117
117 37 85
8 61
46 76
43 140
65 6 111
147 40
41 1
122 29 51 133 62 41 107
30 54
45 33 36 76 46 17
23 102
57 52
121 42
44 109
36 138 27
8 145
41 65 6
23 93 85
107 28
95 80 2
37 103
45 27 138
11 85
1 41 29
1 107
93 28
136 117 54 83
65 41 120 145 62 136 29 6 97 107 51
63 43
41 115
44 4
23 63 43
108 44 125 144
65 41 1
1 122
108 55
61 43 140 12 23 57 63 116
68 138 27 146
97 120 1 65
20 33
97 65 6 70
1 125 20 108 44
27 53
1 120
55 90 47
55 43 132
47 55
6 74
15 61 63
20 116 125 44
20 4
134 28
43 132 104 108
23 85
63 23 116 20 125 61
55 130 148
38 144
62 137 54
8 140 23
76 33 27
47 5
12 43 23
140 43 23
28 9
122 1 29
6 112
55 143
19 6
12 61
89 25
65 29 62 145 41 51 120 97
20 17
136 54
53 138
125 57 20 116
24 118
47 25 55
63 23 61
143 54
36 27 46
59 39 8
125 23
76 17
90 54 25
37 73
44 125 20 43
63 2
104 43
24 57
37 89 50
55 43
91 37
85 48
37 48
2 80
46 52
116 125 44 127 20 4
17 45 125 4 20 136 116
112 141 6 107 39 59 8 95 49 70
117 43 8 85 2 93 23 1
30 6
2 61 55
28 60 14
148 130 21 55
2 61
117 54
115 93 23 63
131 42
32 7
78 48 37 135
23 61 8
116 43
126 7
44 137
80 59 39
57 20 125
111 6 74
53 27 45 138
76 36 17 46
41 51
137 32
58 75 2 72
41 39
57 23 116 125
132 55
18 144
55 25 132 47 114 5
8 57
80 40
8 147
133 122 1 29 51 41
1 142
65 51 29 1 97 41
74 41 97 51 29 1
51 1 133 65 122 29 107 62 41 97
27 36 68 138 17
101 39
36 68
2 99
137 44 32 130
110 53 36 45
23 20
41 28 51
37 88
59 78 79 37
140 64 118 23
5 47 104 25 114 54 90 132 55
41 28
45 46 76 36 33
42 113
41 84
8 63 61
112 41 65 51 62 133 107
20 61 23 63
28 98
14 60
15 24
55 130
117 1
55 95 2
62 19 41 78 65 29 85 6
85 37
4 41
127 20 23 61 63 116 4
37 135 48
130 42
64 24 140
44 20 116 125 17
132 43 104
108 43 132
1 136 23
28 128
72 2 75
30 37
61 147 55
84 41 4
118 8
125 20
33 43 24
132 55 114
53 36 46
37 26
125 45 17 20 116 33
108 57 104 43
146 27 68
23 63 115
6 58
125 20 4
87 5 55
130 20 56 129 41 1 93 23 57 116 63 38 61 125 108
30 39 70 8 141 143 101 49 145 59
125 84 108 4 130 32 18 44 109
20 45 112
52 56
128 51
63 140 12
84 4
55 5
136 20 116
59 41
51 29 28 65
20 116 17 44 125 57
115 8 63
148 98 28
116 125 20 4
1 65
41 65
89 37
39 145
1 41 4
38 60
128 41
51 1 41 29
61 132 55
61 51 63 41 1
1 29
33 17 45 136 20
6 54
48 99 89 37 85
79 117 2
136 137 54
62 1
2 140
2 93
15 104 132
2 128
27 36
43 115
95 39
85 48 37
65 29 62 133 122 1
32 104
77 23
68 45 46 138 36
55 54 5 132 114
104 132 25 55
37 19
138 17
8 140
20 44 125
46 17
1 4 17 18 44 108 32 130 84 109
43 23
54 108
23 148
23 8 56 43
85 41
61 41
23 63 38 93
28 19
39 59 70
102 3
133 65 97 62 112 122 41
53 20
20 116 23
125 112 17 20 116 45
59 37
1 129
8 63 23
116 23 125
18 4 44
23 63 140 61 125 116 20 108
46 68
50 37
54 137 143
41 122 133 62 29
53 45 33 112
33 53 112
59 8
57 23
1 29 65 133 41 62 107 51
57 20
4 130 41 84
53 27 45 46 36
104 47
85 50
17 46 36
37 53
112 36
17 76 45 138
20 116 125
17 53
20 118
36 33
55 132 104
70 6 65
138 33
61 11
2 41
63 2 115
2 140 61 63
99 37
110 53
1 116 20
41 51 120
6 39
22 106
137 54
51 1
46 55
23 125 93
23 24
23 61
118 23
114 87 132 5 55 47
55 132 47 104 5 114
29 120 62 65 97 41 51
41 136
125 112 17 20 44 116
55 57
45 53 69
4 18 84 130
136 8
17 46 33
104 8
74 30
25 132 104 55 47
68 53
136 62 107 41 51 145 120 65 97
129 75 2
77 8
23 12
147 61 2
41 145 120 59
37 59 99
28 63
46 76 33
39 70 80 59
1 129 117
45 53
41 97 51 120
5 55 114
54 103
17 44
37 46
40 39
18 44 125
39 70
12 140
4 32 109 84 130 18 44 137
76 15
114 55
77 12
4 44 20 116 125 1
41 107
38 23 93
51 41 4 12 116 44 20 57 1 43 125 108
140 52
79 1
148 28
39 123
85 1 23
53 33 45
33 20 136 45
4 32
116 23 1 61 20 140 63 125
46 27
1 4
46 52 36
115 23
7 28
41 1 62
102 52
100 20
43 61
47 90
112 41
26 37 48
27 69
27 76
133 41
118 24 64
129 2
8 115
12 43
59 39
130 8 23 125 117 1 43 2 74 85 129 93 79 21 38 148
104 55
108 116 125 20 44
138 45 68 53
68 45 138 146 27
55 63 132 47 5 114
20 125 44 4
12 8
43 93
15 108
58 2
33 53 45 46
51 41 1
62 133 122 41
33 76
23 111
2 95 72 55
8 132
33 46 112 45
97 29 65 41 120 51 145 62 136
55 73
5 47 55
1 23
25 132 47 55
21 7 9 126
20 138 69 27
136 23
