353 354
576 575
227 9 13 23 15 6 4 7 229 22 10 8 14 5 226 12 3 11 228
523 322
505 55 54
522 269
259 258 257 44
105 174 617
585 586
150 129 58 134 131 130 44
622 623
159 160
327 328 146 326
582 40 41 581
529 530
321 320
168 167 169 164 165 166 163
8 190 192 191
23 93 96 92 112 91 4 22 6 109 98 5 95 114 110 97 108 94 113 9 115 90 111 3
18 21 27 35 33 20 31 30 29 28 19 34
428 427
128 127 48
106 107 105
338 337 339
94 335 12 338 91 92 337 96 3 95 5 339 15 93 4 110 6 90 13 336 14 109
186 419 420 418 291
36 27 28 21 37 18 19 20
153 460 152 459
189 280 276 279 1 277 19 18 21 188 2 20 278
94 154 92 155 93
95 90 96 91 94 92 93
134 137 257 259 258 580 51
255 256
399 400
184 188 189 186 187 185
55 51 52 53 54
388 389
58 44 134 65 64
286 287
419 418 420 624
131 130 129 483
33 34 21 18 319 19
540 541
457 456 455 458
506 317 67 134 316
33 18 19 30 306 29 21 34
488 487
41 503 40 504
6 10 430 12 11 9 4 22 7 13 16 3 17 431 14 5 8 23 15
61 67 69 65 62 66 63 64 72 71 70 68
536 537 535
610 611 612
2 11 9 279 188 231 8 34 278 21 19 10 1 7 230 306 189 33 20 18
156 158
627 628
140 142 143 141
109 95 96 336 335 110
103 429 104
109 9 111 110
173 176 421 181 180 291 174 175 418 186 420 422 419 257
102 101 90 222
108 115 114 113 93 94 112 96 92 95
3 5 4 6
21 26 19 32 29 2 279 20 24 278 1 189 25 18 188 31 30
53 83 45 44 46 47 151
118 116 119 94 93 122 121 120 117 96 92 95
83 150 134 138 139
208 209
186 187
93 29 92 94 18 34 30 21 19 33
180 181
40 265 266 264
438 76 75
636 637
452 116
439 441 613 615 440 614
75 77 48 76
19 21 231 230 18
48 50 49
633 434 432 433
440 439 441 442 443
2 188 18 189 1 30 19 21 4 3 31 278 20 5 279 6 29
356 642 641
368 367 202 201
58 317 316 82
505 28 27
110 109
453 454
283 284
222 90
34 19 29 26 20 18 33 25 35 30 24 31 21
17 16
293 294
500 499 498
224 223
21 243 30 18 29 19 31 20
18 19 29 21 31 34 200 30 33 20
546 545
410 58 411
227 228 4 13 226 12 5 3 6 15 229 14
79 78
144 145
478 475 477 476
19 200 34 21 27 332 334 35 30 176 29 18 33 174 175 333 28 173 32
229 228 13 226 227
618 483 77 48 126
4 3 32 7 29 31 9 19 21 306 30 34 11 33 23 20 5 10 18 6 22 8
61 62 58 51 82 63 301
91 94 13 14 15 96 6 4 5 3 93 12 95 90 92
347 345 348 346 344
36 29 30 20 21 3 34 5 15 4 14 6 37 18 13 19 33 31 12
182 183
34 31 18 30 21 33 29 19
282 94 98 281 92 97 93 90 91
360 188 189 52
274 516 480 479 515
240 241
40 606 607 41
629 630
297 211 298
6 34 5 33 18 36 3 20 29 200 30 37 21 19 4
135 134 62 61 51 136
417 51 297 61 63 298 62 211 416
640 638 639
365 366 102 101
278 279 1 2 189 188
20 31 33 18 30 19 29 34 21
279 2 189 383 1 278 188 382
106 105 150 55 107 67
95 96 90 98 92 93 94 97 91
146 147
412 119 413
18 542 543 34 21 19 33
268 267
439 440 490 441 489
433 436 435 432 434
444 445
14 15 35 5 30 20 6 34 19 31 29 21 18 12 4 33 3 13
7 108 94 114 92 98 93 115 10 113 95 96 8 90 11 9 97 112 91
450 451
29 21 33 37 19 30 18 31 34 20 36
96 9 90 202 10 7 8 95 93 94 201 92 91 11
188 189
371 372
249 21 19 250 18
20 5 28 36 4 3 23 18 37 6 22 27 21 19
22 23 31 4 3 18 19 20 30 5 33 35 34 6 29 21
280 18 20 277 21 276 19
161 166 163 168 167 162 164 169 165
19 277 21 18 280 20
29 30 20 25 26 24 19 21 18
143 142
409 408
30 25 24 20 19 5 29 3 18 4 22 32 6 21 27 31 28 23 26
277 280 177 395 19 102 101 392 30 21 390 243 18 29 31 20 393 394 391
19 21 32 30 18 31 20 29
211 212 210 213
38 39
532 534 531 533
153 154 152 155
52 360 53
355 356
600 66 599 134 63 58 82 51 359 316 68 70 317 61 301
289 290
192 191 190
323 184 322
47 183 182 45 46 44
550 347 344
149 148 150
51 601 602
398 396 397
424 19 20 21 425 18 232 423
25 21 26 19 29 30 20 24 18 31
419 176 420 421 418 370 422 175 466 173 257 174
103 104
195 197 199 198 196
437 134
598 596 597
30 37 19 29 34 18 21 20 36 33
153 152
414 415 380 377 381 379 378
326 626 146 625 328 327
608 609
419 418 466 257 422 420 421 370
621 620
632 631
82 357 51 134 358
273 272 269 271 270
30 31 21 18 19 32 29 20 28 27
85 86
403 402 401 405 404
369 283
1 279 29 34 21 2 278 35 19 188 18 33 189 30
188 291 186 189
45 47 44 46
508 507
517 518
484 485 486
25 37 29 21 24 36 31 34 26 33 19 18 30 20
303 302
203 205 204
175 186 180 176 174 173 291 181
230 29 231 30 18 20 19 31 21
538 46
102 60 153 101 152 59
18 19 7 9 21 10 8 20 11 230 231
387 386 384 385
573 572 574
100 99
19 200 29 30 34 18 21 31 33 35
420 421 418 174 419 180 422 173 176 181 257 175
31 18 30 21 113 20 29 114 108 112 19 115
9 8 7 11 10
18 21 280 277 19
58 44 521 520
513 512 511
75 76
211 298 51 297 63 416
283 285 284
89 87 88
74 73
3 4 5 21 19 91 96 14 90 94 12 93 97 32 98 15 13 92 95 6 18
49 50 127 48 128
364 363
94 95 93 10 96 92 9 91 8 7 11 90
48 128 127 274 275
269 465 357 358
468 467
234 233 232 19
219 220 221 218
528 526 527
188 21 1 278 37 189 18 279 20 2 36 19
55 67 150
239 238 236 237
214 292 205 215
21 29 20 19 34 114 112 18 115 30 35 33 31 108 113 306
237 236
478 477
253 252 254 20 248 21 251 250 244 246 249 18 19 247 245
313 31 309 312 19 308 310 18 311 20 307 30 21 29
323 184
274 52 275 360
365 366
21 18 20 245 19 244
4 34 26 5 20 3 33 243 29 25 22 30 24 21 18 19 200 6 23
406 407
51 56 134 58 83 519
510 63 134 376 509 375 51
469 471 473 474 470 472
300 299
20 21 29 19 248 252 18 247 251 253 249 246 250
30 278 279 18 31 34 1 20 29 19 2 35 21 188 189 33
473 494 469 470 474
343 189 188 341 342 340
102 101 56 204 205 203
63 68 51 70 600 316 301 58 66 317 599 82 359 134
19 20 34 200 37 21 18 31 35 33 36 29 30
316 61 82 51 301 63 62 58 317
570 568 569 6
19 254 20 246 248 21 245 18 247
174 181 176 180 173 175
421 419 418 257 422 420
20 18 36 30 19 29 35 21 34 37 33
58 320 321
18 21 30 110 335 109 336 29 19 20 31
19 37 20 230 33 21 114 34 112 113 231 18 36 115 108
396 211 496 495
257 466 291 370 422 186 419 421 418 420
92 9 109 90 91 110 111 94 93
200 13 34 14 5 30 29 33 32 19 21 4 12 3 15 18 6
548 83 549
136 135 134 137
374 373
483 482 128 127 48 481
422 257 421 291 418 186 419 420
470 474 473 469
365 182 183 366
178 179 58
170 171 172
188 189 102 1 2 101 294 278 293 279
291 186
94 3 338 95 6 90 92 96 91 5 339 93 4 337
193 194
324 325 205
481 482 51 129 82 134 603
162 161 166 165 169 168 167
58 56 343 342 57 340 341
29 30 21 19 134 34 437 35 33 18
430 431
30 33 34 19 11 200 7 29 18 9 8 21 10
12 6 4 92 3 5 95 96 15 94 13 14 281 93 282 91 90
524 619 153 152 525
33 21 34 112 19 18 29 114 30 113 32 108 115
153 152 525 524
18 20 27 31 19 29 21 30 28 505
15 30 33 34 18 13 29 5 4 19 200 14 3 6 12 21
318 200 319 20 19 21 18 30 34 231 230 29 33
305 304
215 214
242 497
94 110 9 112 114 108 111 109 281 113 98 90 96 282 92 115 97 91 95 93
59 60
84 82 64 83
134 138 139 51
216 217
6 3 23 5 4 22
502 501
462 461
6 31 19 29 3 5 4 18 30 21 20
359 68 329 331 330
126 127 125 130 131 48 129 128
158 156 157
1 2
213 211 212
116 117
6 3 12 11 4 10 15 8 13 7 17 16 5 9 14
475 476
30 18 21 19 31 34 29 33 35
92 94 91 93 98 90 97
18 32 26 28 20 21 24 27 30 29 25 19 31
480 479
21 33 20 19 29 35 30 18
203 56 204 205
3 114 110 90 108 22 94 92 113 109 115 6 93 23 112 111 4 5 91 9
123 124
19 318 18 21 30 33 29 34
173 175 176 174
13 4 3 12 98 95 92 97 6 96 15 93 91 5 94 14 90
19 32 21 231 230 18 37 20 36
331 330 210 213 329 211 212
51 64 65
261 263 260 262
375 376
583 584
173 174 175 176 371 372
463 464
42 40 43 41
53 571
32 30 18 33 306 21 34 20 29 19 31
577 578 579 247
394 395
102 138 101 139
132 133 126 125
587 588 589
18 20 21 35 36 33 19 34 37
58 57 56
19 279 29 20 18 278 2 188 1 31 21 30 189
470 472 469 471
604 605
447 446 448
103 426
30 21 20 31 18 19 36 29 37
188 185 189 184
27 28
352 351 350 349
378 381 380 377 379
551 552
101 361 102 362
314 315
81 80
317 316
311 313 307 310 308 312 309
149 148 288
206 207
491 492 228 493
60 59 101 102
336 109 335 110
634 635
30 28 20 27 18 31 29 19 21
18 19 21 33 543 544 34
465 357 269 151 358 53
295 296
