219 226 218
39 214
13 262
37 127
221 206
215 248
39 26
194 126
183 188
12 112
33 101
82 186 122
52 270 95
159 205
168 146
73 187
18 134
302 176 31
6 112 89
235 11
49 50
58 186 163
66 37
250 256
167 153 71
165 226
27 180
54 53
253 227
269 145
80 72 152
123 124
209 176 31
155 167 72
117 16
229 6 134
288 280
152 154
273 268
8 94 76
42 3 47
87 55
234 294
280 300
179 186
29 101 32
79 77
92 17
241 139
80 103
84 139
284 264
59 184
250 34
107 176
115 28
229 230
70 65 114 37
243 140
246 55 87
155 27
305 172 273
72 167 71
142 269 287 145
175 127
305 172 141
263 265
179 78 161
40 39 71
265 140
224 104
218 243
280 136
255 148
220 289
142 140
170 126
263 147
186 77
176 23
230 6
272 136
281 136
196 201
300 291
172 145
11 172
128 22
75 74
106 197
275 169
77 58 163
172 265 202
123 82
221 77
205 172 141
128 2
22 73
176 221
245 264
111 247 237
107 92
183 189
198 161
73 171
301 305
128 21
108 178 88
218 44
112 46
301 299 305
92 108
70 127 175
212 229
64 65 33 115
94 121
194 118
264 15
263 203
126 99
251 166
11 37
22 72
208 234
20 218
110 111
9 265
140 145
26 22
197 6
65 117
48 42
172 150
82 186
203 34
29 28 76
245 237
227 5
178 186
70 61
16 61
199 227 131
236 252
28 91 85 41 76
286 232 55
32 117
100 98
229 19
42 129
216 230
186 181
281 150
102 152
109 21
137 272
159 67
185 189
218 229
167 22
276 269
85 115 28 32
229 6
145 269 166
278 144
167 153
175 83
37 10
79 61 78
24 275
301 300
94 76
58 57 84
282 227
211 134
75 39
172 141
247 55
121 36
17 107 92
108 65
275 51
132 181
105 45
23 162
75 54
219 249
292 166
200 147
190 202
219 229
62 75
28 107
15 14
268 281
261 87
28 91
259 262
36 72
110 241
26 155
202 172 141
202 281
61 32 33
177 21
85 37
166 276 145 268
299 141
36 207 254
172 273
124 56
268 269 166
49 170 73
278 265
94 127
108 206 176
272 280 305
298 6 112
101 28
59 118
259 138
31 132
8 101
99 194
163 58
292 235
170 171
300 288
224 218
85 91 76
284 266
127 70
37 10 133
175 178
9 75
186 83
82 241
59 72
170 73 171
7 66 76
1 279
61 94
151 169
25 152
101 3 76
256 199
305 299
78 289
227 200
11 292
277 82
103 102
70 10
219 224
249 89
212 44
95 69 158
235 269
126 108 170
129 97
147 297
142 166
220 161
180 126
133 300
149 171
35 263
269 142
235 292 144
286 87 232
92 61
192 245
94 8
155 27 21 22
29 86
202 269 166 145
258 265
144 137
174 126
96 162
205 202
141 142
136 299
77 237
127 163 77 245 58
304 188
85 91
59 49
41 101
93 40
296 213
97 3
250 248
21 49
301 136
37 7
278 136
268 280
48 8 85
95 158 72
59 202
43 124
91 178
176 186
18 156
25 143
205 98
20 18 19
92 55 17
180 185
73 72 174
118 260
80 22
239 277
115 8
70 17 127 16
37 133
13 259
184 199 171
112 134 218
178 30
21 271
17 98
246 135 55
191 107
178 176 108
166 140
14 56
122 171
21 71
268 300
107 92 179
46 229
289 266
67 199
176 209
144 136
198 139
248 207
305 136
218 229 243
122 55 135
93 21
191 99
94 132
145 278
80 81
268 292
49 214
145 205
128 81
91 41
114 116 61
92 82
159 199 184
85 108
114 33 32
100 72
305 205
202 205 258 172
76 36
11 205
14 83
285 291
287 141 265
141 258 202
70 127 114
299 268
167 40
175 206 181
76 66 108 7
205 301
227 281
174 170
18 19
184 174 60
194 72
60 174 99
51 24
112 90
96 68 67
88 55
295 243
83 64
120 93
257 227
23 24
235 265
192 179
194 196
182 65
280 278
25 26
205 172
66 8
55 236
222 262 13
212 46
22 154
155 21
32 211
265 202
287 265
85 7 28
78 132
270 52
95 158 275
48 114
280 141
76 8 7
124 175 14
206 92 179
224 226
80 1
54 180
35 249
47 4 94
72 87
198 286 236
24 155
175 17
93 39
8 48 108
222 138
40 39 93
101 121
207 294
296 199
52 184
48 8
69 164
280 145
145 281
53 125
65 116
79 78
92 55
17 236
195 3
73 99
131 149
57 78
221 132
73 170 160
66 85
13 18
154 21
98 72
36 210 38
207 34
103 107
248 107
7 92
102 81 103
202 258
93 163
282 250
249 12
84 78
294 208
131 69
196 274
132 220
229 44
107 178
107 108
16 117 17
202 184
17 31
53 75
144 205
129 28
73 170 171 188
228 211
255 227
121 117
2 102
107 102
271 103
49 263
266 252
116 32
280 144
193 30
75 27
207 147
131 26
74 128
203 215
36 55
287 172 141
187 53
112 6 134
190 67
4 29
152 1
266 229
119 24
245 135
99 173
34 49
174 60 195
43 83
158 95
51 68
205 264
67 109
290 133
87 286 246
68 157
47 8 42 91
59 260
202 144
161 178
103 167
278 137
129 143
98 63 173
192 181
131 103 102
108 176 107
36 78
174 49
3 48
71 149
209 186
218 20 219
60 188
71 81
174 60
22 153
71 40
286 87 88
32 36
77 163
277 267
72 171 73
202 172
8 108
36 38
88 176
155 151
214 257
208 213
67 100
118 100
93 270 52
189 188 177
187 185
72 177
92 8
117 116 114 61
181 163
44 46
131 2
66 8 108
36 101
137 292
88 110
180 187
246 245
21 22
49 202
162 99
102 80 103
245 267 277
107 97
50 59 184
171 227
101 85
268 140
179 107
117 17
163 176
177 60
37 47
139 18
283 24
27 72 21
13 45
85 32
86 28 32
66 108 76
42 3 76
135 56 55
145 166
18 45
123 277
200 199
49 203
134 229 12
76 42
228 44
75 122
7 47
89 230
245 58 163
84 79 78
203 208
286 55
298 219
108 84
133 70
191 220
92 108 66
6 298
287 205 142 269
194 274
205 141 258
117 94
179 209
106 12
134 249
248 227
75 74 149
154 27
101 86 85
60 159
39 71
27 21 109
97 48
78 220
198 17
91 115
206 84
55 108
45 139
18 222
108 178
230 106
77 58
137 278 136
65 8
223 215
57 163 175
101 179
112 212
188 59
40 154
198 138
275 158
137 136 281
278 273
146 190
90 197
176 88 178
159 184
225 232
42 107
225 82
285 278
206 108
26 153 167
103 128
152 21
302 176 209
125 75
153 131
219 226
238 135
213 223
229 12
134 197
28 116
286 17
67 196
64 65 61 114
160 51
292 202
109 167 71
36 101 92
121 117 130
2 271 1
216 217
122 184
167 152
115 32
22 71
30 57
112 6 219
2 1
41 76 91
93 107
101 3
293 235
32 3 38
7 108 66
270 95
31 78
95 52
247 111
183 171
271 75
160 268
60 100
209 108 178
269 159
187 49
150 145
262 18
57 161 58
22 155
69 67
172 287
283 24 155
57 186
56 83 124
287 172 265
111 82
290 293
147 244
192 178
251 207
32 121
104 19
57 302
108 17
300 273
284 82
76 86 101
155 75 149
73 98 171
60 98
66 94
137 273
143 154
269 268
89 112
158 120
278 292
37 85 28
149 107
123 284
103 131
287 142 205
221 163
148 37
109 40
109 26
168 160
127 70 37
12 218
95 270 51
38 8
79 161
248 184
136 141
49 75
195 99
41 94
301 272
71 155 167
161 191
31 302
4 3 94
192 233
63 187
202 265 172 141
215 213
265 172 205 202
303 265
6 112 18
57 84
90 6
216 90
269 299 288
98 63
244 199
32 101
286 247
291 300 202
10 11
161 84 191
196 178
85 38
4 97
288 205
114 33 61
163 186
25 9 71
85 47
303 280
126 72 73
199 202 184
226 20
57 176
118 184
36 108
160 202
79 132
129 55
212 211
143 1
136 11
175 84
199 294
142 172 141
280 301
29 32 94
148 204
177 126 23
155 25
154 1
305 235
269 303
36 130
51 169
77 78 163
291 202
132 84 161
55 232 87
28 3 101
265 140 290
92 85
75 154
33 17 117
302 107
6 218
292 166 145
99 174
26 109 25
26 25 93
186 104
292 11 235
231 27
301 141 265 172
84 220 57
11 133
108 76
210 191
143 2
264 232
218 18 219
288 299
287 166
161 191 32
267 84
21 74
49 205
179 78
118 126
9 243
75 178
29 86 101
58 92
75 2
51 96
175 222
47 97 48
80 72
117 61
28 76 29 85
284 135
30 31
60 181
220 221
121 3
302 84
166 285
139 17 198 138
52 158 270
239 302
246 88
138 17 198
54 231
197 259
139 191
84 258
114 116
162 118
286 87
51 247
75 25
75 275
278 273 137
6 18
62 98 60
6 5
119 283
285 258
165 96
101 29
156 96
221 210 101
177 100
115 29 32
29 92
245 77 163 58
105 104
141 305
61 65 116
284 122
214 16
142 291
65 61
76 179
32 28 101
108 179
70 37 56 135
250 52
1 155
85 3
27 155 21
61 64
80 21
91 116
160 169
208 296
217 106
141 8
47 42 7
76 86
136 235
167 75
176 250 108
16 17
118 174
77 127 58 163
277 186
102 167
83 266
213 90
10 133
109 22
57 84 302
75 152
219 224 20 218
59 195
107 36
34 263
261 239
186 124
168 164
51 95 52
171 220
28 42
79 61
6 134 218
127 77 163 245
126 72 171
258 205
205 258 202
13 104
280 272
84 256
218 112
103 81
176 31
32 3 107
7 28
107 129
6 134 230 89
50 21
302 132
202 159
108 13
79 78 221
163 77 181
287 145
59 51
72 256
21 22 109
75 190
229 243
55 60
160 75
135 55
29 28
118 185
51 95 270 52
7 85 101
184 201
104 249
295 229
25 26 71
192 175
51 165
98 173 60
231 184
161 138
38 48
175 124
226 133
178 31
145 251
203 250
199 227
174 98 99
301 291
116 117
71 109
119 275 24
275 120
89 216
16 127
72 173 126
203 227
178 182
249 19
157 156
184 227
165 275
122 77
288 258
265 141 172 287
135 82
121 4
142 303
43 123
155 103
141 265 172
13 222
47 66
46 20
63 173
16 65
226 218
72 73
173 184
292 301
144 269
14 267
76 29 91
298 218
101 86
73 98 99
102 25
103 153
101 115 85
247 87
209 31
47 4
29 28 86
85 101 28
81 80 71
256 207
101 220
292 273
80 128
72 126
258 288 299
28 41 76
134 212 229
32 28
245 267
6 219
134 89 229
163 58 127
114 65
153 155
54 27
214 184
5 216
86 29 115
60 174 100
29 32
238 261
177 73 170
112 219
201 195
148 147
219 224 218
219 218
149 152
161 78
171 59 184
59 60
134 229
302 135
17 38
184 50
226 104
219 112 18
77 266
72 171
26 72
151 155 75
287 202
60 184
27 40
42 3
55 246
21 155 22
108 178 77
85 41
121 16
19 212
99 60
219 218 243
58 191
259 18 222
29 85
121 17
202 11
105 281
259 103
27 1
285 300
280 305
126 188
287 269
305 144
205 299
135 122
85 41 92
277 252
262 18 17
73 177
278 281
88 122 239
211 224
209 58
85 94
12 230
55 245
207 234
7 66 107
122 266
219 20
158 69
75 279 2
64 114
76 28
71 167
21 22 27
174 184 188
21 167 155
21 27
171 199
6 216 298 112
98 193
68 164
289 79
122 235
159 270
283 120
167 131
245 82
279 72
268 136
46 249
287 142 144
42 85
235 122 11
46 45 44
70 7
21 22 2
73 126 170
252 238
32 28 85
163 245
166 205
220 58
206 302
163 84
202 265 258
6 134 89
292 141
61 127
226 262
170 196
169 68
64 116
15 135
258 265 205
222 139
103 75
186 132 58
179 31
159 156
235 172
172 136
11 122
73 196 160
208 34
53 170
214 248
203 204
159 202 199
219 18 218 112
11 280
290 268
170 274
51 52
82 56
239 245
85 41 28
49 296
184 189
84 161 30
275 164
267 284
29 115
107 71
119 275
3 37
288 172
32 33
101 76
25 153
73 196
186 267
264 267
262 17 138
120 119
54 126
96 120
245 83 135
10 133 11
8 7 107
12 13 106
263 34 35
141 265
83 175 124
270 275
44 243
135 266
107 3
4 48
51 120
125 131
6 216
11 300
148 215
72 167
131 155
175 176 179
132 210
178 209 206
140 301
22 271
274 189
135 77
303 287
242 231
253 34
119 51
171 180
60 73
149 81
59 170
112 298
222 306
255 214
60 49
176 77
66 88
288 166
281 35
3 36
36 94
20 262
51 159 52
122 83
72 155 22
158 119
236 286
229 45
78 175 57
229 218 219
105 224
43 232
45 243 229
171 304
6 113
32 58
176 302
207 49
256 35
112 18
235 202
267 135
126 177
42 41
75 62 125
246 247
87 237
45 262
88 240
286 111
4 65
95 275
36 17
39 22
31 206 176
205 141
155 22 27
244 35
135 83
92 66
131 65
181 206
89 6
221 57 84
59 195 60
213 43
92 28 85
22 187
178 179
168 275
131 102
145 205 269 287
188 177
107 7 76
103 2
167 25
76 85
265 292
195 62
148 184
248 257
4 108
85 221
214 213
175 176
175 83 14
42 7 47 3
71 167 128
126 60
268 272
107 85 28
301 305 288
181 182
25 93
172 147
288 301
199 184
35 34
70 16 127
177 171
92 28 101
17 220
27 80
241 236 198
79 210
292 136
12 219
149 294
180 99
155 109
127 114
103 71
114 94
84 58 191
268 292 276
111 135
74 26
231 75
107 85
85 91 41
130 121 42
198 241 139
32 114
134 13
188 99
124 232
93 270
268 265
218 216
131 21
115 65
85 28
134 90
129 76
176 209 178
8 3
37 65
184 171
67 64
88 87
130 114 117
101 28 86
49 177
61 17
205 189
66 48
94 76 85
188 189 170
205 172 202
2 151
145 144
175 181
133 235
173 98
7 97
8 4
140 136
272 305
75 226
275 157
159 95
207 297
67 68
1 22 2
16 78
101 3 42
212 249
97 8
5 105
43 225
58 210
17 177
219 243
133 9
108 66
141 103
112 226
37 84
139 221
203 35 207
268 276 265
144 299
72 173
181 176
18 262 45
138 17
13 250
6 203
182 209
94 4
177 51 60
9 10
276 144
33 115 32
73 160
246 87 55 286
178 302
10 150
201 51
18 218 112
21 271 128
95 270 52 93
130 42
6 13
108 88
14 15 135
92 91 130
10 281
144 305 136
167 80
92 101
153 128
184 100
255 208
176 206
251 140
274 22
228 230
6 112
183 184
50 59 49
184 93
216 229
178 191 108
230 13
175 191
65 94
58 178
40 39
2 155
49 60 59
108 186
278 301
73 203
221 101
150 207
178 182 181
155 93
175 14
175 58
78 175
119 159
124 83
126 73
265 172
129 94
114 32 115
132 178
95 96
265 141 205
79 58
288 140 202
6 18 218
69 168
155 167
280 205
25 103
17 65
126 125
175 57
230 104 5
93 40 25
91 92
106 134
17 222
72 169
80 102
118 59 184
201 184 60 196
139 17 138
231 109
58 176
11 70 133
178 206
55 87 286 88
104 20
191 302 108
141 265 202
37 56
171 74
5 113
189 174
230 104
120 275 119
211 78
21 25
3 94
211 104
165 194
251 229
298 112 216
78 178
167 26
139 17
51 131
98 55
116 114 64
190 160
22 103
14 124
109 39 40
173 174
97 108
114 85
81 155
300 287
79 17
285 11
291 303
43 56
266 15
155 271
238 237
61 11
84 161
188 174
62 60
234 296 213
169 168
51 52 270
49 256
92 3
167 109
196 73 170
177 170
142 172
191 78
232 135
43 277
107 206 108
70 37
292 300 202
71 22 21
145 276
307 265
116 115
300 144
8 29
270 158
7 85 94
179 66
175 163
8 36
170 183
36 121 38
8 7
144 258
205 199
285 273
71 75
90 259
174 184
283 275
67 201
180 177
179 181
91 36
76 92
236 198
178 176
12 197
33 117
226 112 6
87 236
305 303
186 175
189 170
163 57
95 120
98 62
134 5
103 80 81
89 211
62 174
174 126 194
294 152
56 135 37
221 210
120 165
11 10 9
1 2 279
9 99
171 180 184
279 75
148 244
82 163 186
8 76
175 186 176
156 143
135 56 284
75 151 102
61 114 65
222 18 262
295 46
198 178
94 7
179 132
249 18
188 59 171
210 220 101
153 27
17 33
155 102
222 198
43 15
73 144
237 286
271 93
149 74
86 4
163 179
227 118
27 149
292 287
61 94 8
101 64
294 75
59 73
10 293
35 203
92 3 48
28 115 32
171 126
92 7 85
3 66
269 67
163 30
107 66
1 81
239 240
268 205
72 173 73
66 7
287 288
2 80
125 103
116 114 33
88 122
185 183
203 49 50
176 84
99 98
268 235
134 112
8 61
293 150
63 195
66 29
55 17
296 207
141 301
135 14
196 60
227 294
74 102
218 20 219 226
281 142
35 227
171 59
105 82
209 206
65 127
269 145 166 268
159 51
287 141 273
202 300
102 81
12 46
70 10 133
188 177 126
104 106
55 83
4 42
127 117
76 107 92
18 229
108 48
94 7 76
146 67
254 147
34 256
101 210
98 30
305 268
307 291
72 100 170
135 110
235 280
216 106
250 255
280 287
280 140
212 134
228 298
176 206 108 178
61 85
258 265 141
262 138 198
66 85 108
56 55
170 49
80 111
238 247
256 184
107 126
302 179
66 92 85
42 7
2 152
11 145
47 8
106 89
35 251
133 122
170 73
51 32
137 281
107 76
276 268 145
18 217
134 19
86 115
117 70
21 102
153 21
39 26 93
75 151
125 199
165 119
301 285 273
138 101
163 77 245
114 33
4 3 47
70 11
67 275
265 280
66 85 129
106 259
251 243
93 109
180 184
305 287
297 296
246 111
135 37 70
168 95 158
83 56
144 287
36 115
262 222
159 199
84 79
135 237
76 28 91 85
47 48
196 99
226 6 298
130 38
268 166 276 269 145
280 137
256 255
142 257
117 55
92 85 66 108
89 134
67 52
74 40
94 86
114 108
67 73
186 182
75 81
3 4
169 21
39 143
141 136 287
2 71
73 98
29 127
300 292
176 31 178
89 90
221 79
224 18
63 177
269 202
251 45
169 152
209 32
220 84
95 93
112 218 219
258 299
22 2
60 128
281 282
100 126
16 232
47 94
270 120
168 158
134 44
85 76 28
27 152
47 97
7 108 76
202 159 205
134 230
109 180
53 275 75
72 63
50 187
143 155
287 268
222 259
97 38
136 133
10 217
221 58
296 223
80 271
3 127
221 78
88 178
181 175 57
186 84
224 20
96 67
153 71 81
227 234
169 74 75
84 57 77
54 67
85 129
227 250
150 106
173 188
74 27
155 152
134 113
201 72
77 193
93 22
142 144
62 53
58 220 84
169 74
144 301
131 128
89 212
114 65 116
143 103
5 255
4 248
264 135
49 100
71 72
27 2
72 99
109 155 21
112 218 219 6
156 68
61 114 64
17 235
232 73
145 269 268
58 193
35 13
95 51
286 55 87
236 110
109 22 27
98 174
21 72
139 17 222
22 141
63 62
72 49
245 58
297 248
18 20
72 81 80
187 22 274
299 17
73 188 72
17 176 108 178
243 134
226 219 224
285 147
294 214
30 220
89 134 249
202 205 265
207 212
134 89 230
270 51
218 112 251
56 122
265 10
149 27 74
167 72 153 71
2 279
86 85
128 279
191 186
112 216 6
212 168
227 263
76 3
159 158
89 12
30 161
89 46
92 86
12 243
34 227
64 117
222 236
8 48 47
91 101
65 117 116
85 36
42 47
92 48
122 79
236 241
9 60
237 55
67 60
8 108 4
281 172
7 92 76
17 220 84
157 67
43 14
169 158
251 259
83 70 37
259 139
4 206
140 290
80 131
221 181
141 269 142
76 91
155 75 102
79 77 78
196 72
288 159
170 72
206 108 178
98 177
263 214
121 130
58 161
218 112 6
52 93
149 22
72 155
246 286 55
85 8
139 161
92 28
21 81
258 280 205
46 134
21 167 22
2 271
166 202 269
72 39
172 10
126 59
290 150
214 13
166 269
85 7
199 308
164 194
97 48 4
49 50 187
136 205
259 18
152 151
91 179
16 116
36 265
48 85
4 107
136 137
285 272
28 85 41 76
146 160
52 159
139 17 198
52 51 119 159
82 83
58 57
292 291
58 84
107 23 126
75 149
60 50
258 273
107 47
43 15 14
164 119
109 75
75 26
7 108
205 287
171 173
177 196
262 138
127 186
61 114
177 196 73
121 38
78 181
75 248
42 8
82 237
116 33
6 89 218
202 258 265 205
127 77 163
61 32
86 32 29
140 202
191 84
88 55 286
163 78
158 51
73 60 196
60 185
45 44
286 178 108
38 94
178 108 88 176
113 216
112 113
28 237
76 94 107
104 112
155 71
98 126 174
108 176
8 28
85 4
219 18
41 97
27 72
163 55
275 96
108 126
108 107 302
298 211
259 45
22 27
75 155
124 181
202 115
251 298
245 122
294 183
231 180
29 94
159 165
39 131
82 17
170 188 171
37 178
33 29
51 283
198 138 139
83 277
256 125
207 250
73 188 170
197 222
266 264
85 101 107
134 19 249 89
17 65 16
49 59 118
178 84
127 17 16
61 171
99 98 125
175 181 77
115 64
130 117
280 299 205
255 203
219 134
108 302
2 195
61 116
287 307
299 205 288
172 166
144 272
83 284
49 184
226 222
174 194
71 26
219 18 6
169 75
37 121
40 21
141 205 202
188 72
79 220
271 1
68 96
108 77
58 206
197 89
9 20
169 61
12 13
80 71 167
142 287
273 301
89 44
285 112
128 271
216 112
221 84 220
234 213
276 280
60 72
195 125
145 292
75 1
296 256
28 86
78 58
6 298 216
22 155 27 72
73 188
196 49
196 188
184 100 174
254 208
60 160
232 83
202 288 258
115 152
203 223
21 167
163 83
82 122
9 11
184 205
48 17
108 107 191
137 142
166 145 285
49 201
192 175 181
178 209 31
274 73
172 142 273
92 129
124 175 14 83
167 72 153
148 203
161 220 58
37 92
220 237
152 288
235 205
237 88
170 188
60 37 70
7 76 85
75 202
7 76
286 241
127 4
84 108 176
294 35 203
170 184
37 36
3 7
127 17
121 48
66 97
186 198
256 294
244 297
3 28
272 136 305
91 130
183 174
211 226
131 22
77 78
41 92
107 108 178
31 239
86 32
161 57
163 58 132
18 113
161 206
17 300
218 106
79 58 78
117 114
68 168 169
155 128
125 98
14 232
289 122
180 49
5 222
45 222
22 271 131
73 49
235 291
272 288
176 182
62 125
237 111
227 214
66 76
84 139 198
281 133
35 213
214 40
75 71 26
101 107
248 282
92 8 48
245 277
81 72
220 57
100 170
141 258
196 126
97 184
177 188 23
179 138
68 146
30 58
70 60
85 28 29
150 217
114 117 61
268 276
55 246 82
1 128
67 11
65 116 33
153 26
142 205
138 84
158 27
231 17
17 18
206 178 176
170 60
75 22
11 268
81 27
248 296
268 145
196 184
185 170
71 25
246 135
229 89
71 93
25 93 71
142 268
234 296
178 209
38 3
134 12
152 103
92 179
269 299 145
207 208
64 65
71 153
276 268 280
29 76
108 82
188 189
184 98
166 269 292
37 7 8
3 2
174 100
142 287 141
171 188
22 2 155
262 17
172 303
125 174
73 142
17 116
132 58
181 30
19 89
169 165
171 174
209 175
283 96
71 152
75 131
88 286
64 33
9 25
233 181
93 75
288 202
134 218
29 61
272 278
147 296
274 185
107 121
141 287
158 67
40 167 72
57 77
3 47
17 237
29 28 32
69 95
208 263 203
73 174
86 17
132 161
184 205 202
65 33
37 114
43 82
170 173
8 107
107 238
195 169
83 236
239 302 31
222 6
75 153
122 239
11 276
170 174 126
77 178
76 7 28
102 75
56 135
144 273
183 227
107 55
84 198
138 139
188 73 171
141 202
49 118
76 41
211 46
231 67
126 98
27 109
258 265 205 141
166 140 145
133 291
5 104
60 243
282 148
99 63
266 82
168 95
226 217
58 98
283 155
219 212
72 174
85 41 42
237 64
207 254
87 246
205 265
303 141
184 188
21 2
135 124
107 7
245 135 56
237 115
46 45
23 283
268 269 276
30 84 191
